../../../.git/annex/objects/37/J3/MD5E-s375299--ed9eb8f235c79864b8a69c4756fdcb91.tsv/MD5E-s375299--ed9eb8f235c79864b8a69c4756fdcb91.tsv